C	LAND	USE	BY	SOIL	TYPE	IN 	PERCENTAGE																				
C	Note:	Averge soil type pattern of a WBA is used for LU (crop) with zero acreage in the WBA																									
C	AL	AP	CO	CR	CU	DB	FI	GR	NV	OG	OR	PA	PO	RI	SB	SF	SO	TH	TM	TR	UR	VI	TOTAL	/	WBA	Acreage	
C	0.2984	0.1508	0.0000	0.0000	0.0184	0.0000	0.1759	0.3401	79.2027	0.0000	0.8063	5.6247	0.0000	0.0000	0.0000	0.0000	0.4420	0.0000	0.0000	0.0965	12.8413	0.0031	100.0000	/	2	222875	
	0.0000	0.0000	0.0000	0.0000	0.0000	0.0000	0.0000	0.0000	0.0000	0.0000	0.0000	0.0000	0.0000	0.0000	0.0000	0.0000	0.0000	0.0000	0.0000	0.0000	0.0000	0.0000	0.0000	/	A	0	
	71.8467	0.0000	22.9937	22.9937	100.0000	22.9937	48.2216	18.0803	21.8636	22.9937	64.8878	21.0815	22.9937	22.9937	22.9937	22.9937	10.1406	22.9937	22.9937	40.9970	27.2933	0.0000	22.9937	/	B	51247	
	28.0075	91.3212	46.1380	46.1380	0.0000	46.1380	51.7784	75.1508	40.0833	46.1380	34.5308	77.8634	46.1380	46.1380	46.1380	46.1380	89.8594	46.1380	46.1380	59.0030	67.8116	100.0000	46.1380	/	C	102830	
	0.1459	8.6788	30.8683	30.8683	0.0000	30.8683	0.0000	6.7689	38.0531	30.8683	0.5814	1.0551	30.8683	30.8683	30.8683	30.8683	0.0000	30.8683	30.8683	0.0000	4.8950	0.0000	30.8683	/	D	68798	
C	0.1640	0.0199	0.0000	0.0021	0.0000	0.0000	0.3396	0.6160	78.6658	0.0000	0.7096	3.0930	0.0000	0.0202	0.0000	0.0873	0.0361	0.0000	0.0000	0.1320	16.1145	0.0000	100.0000	/	3	206643	
	0.0000	0.0000	0.0000	0.0000	0.0000	0.0000	0.0000	0.0000	0.0000	0.0000	0.0000	0.0000	0.0000	0.0000	0.0000	0.0000	0.0000	0.0000	0.0000	0.0000	0.0000	0.0000	0.0000	/	A	0	
	37.6660	33.2686	20.5020	0.0000	20.5020	20.5020	18.7880	38.7292	19.2481	20.5020	83.6435	15.7016	20.5020	100.0000	20.5020	100.0000	53.2135	20.5020	20.5020	68.4380	22.9201	20.5020	20.5020	/	B	42366	
	54.1192	66.7314	38.6907	100.0000	38.6907	38.6907	80.0348	59.1300	30.2815	38.6907	16.3565	72.0882	38.6907	0.0000	38.6907	0.0000	46.7865	38.6907	38.6907	31.5620	72.7612	38.6907	38.6907	/	C	79952	
	8.2148	0.0000	40.8072	0.0000	40.8072	40.8072	1.1772	2.1407	50.4704	40.8072	0.0000	12.2102	40.8072	0.0000	40.8072	0.0000	0.0000	40.8072	40.8072	0.0000	4.3187	40.8072	40.8072	/	D	84325	
C	0.8839	1.1202	0.0000	0.4210	0.0062	0.0832	0.4590	2.6064	81.1767	0.0000	2.5216	3.6944	0.0000	0.6811	0.0766	0.1729	3.4082	0.0000	0.0000	0.0317	2.6482	0.0088	100.0000	/	4	464852	
	0.0000	0.0000	0.0000	0.0000	0.0000	0.0000	0.0000	0.0000	0.0000	0.0000	0.0000	0.0000	0.0000	0.0000	0.0000	0.0000	0.0000	0.0000	0.0000	0.0000	0.0000	0.0000	0.0000	/	A	0	
	32.8214	20.2271	4.8523	18.0476	0.0000	53.9609	13.5595	8.6897	2.4599	4.8523	50.0105	6.2852	4.8523	0.0000	87.9305	89.2439	1.9797	4.8523	4.8523	0.0000	5.5445	0.0000	4.8523	/	B	22556	
	65.1050	77.5043	27.4303	75.4508	100.0000	46.0391	54.0968	53.9158	19.3669	27.4303	47.6303	83.9584	27.4303	86.4586	12.0695	10.7561	50.9885	27.4303	27.4303	100.0000	58.5975	100.0000	27.4303	/	C	127511	
	2.0736	2.2686	67.7173	6.5016	0.0000	0.0000	32.3437	37.3945	78.1732	67.7173	2.3592	9.7563	67.7173	13.5414	0.0000	0.0000	47.0318	67.7173	67.7173	0.0000	35.8580	0.0000	67.7173	/	D	314785	
C	0.6890	10.6430	0.0000	0.7512	0.0335	0.3844	0.4881	2.3938	60.1317	0.0000	15.6295	4.5601	0.0000	0.0000	0.4151	0.7722	0.1901	0.0000	0.0069	0.1456	2.7647	0.0009	100.0000	/	5	182401	
	0.0000	0.0000	0.0000	0.0000	0.0000	0.0000	0.0000	0.0000	0.0000	0.0000	0.0000	0.0000	0.0000	0.0000	0.0000	0.0000	0.0000	0.0000	0.0000	0.0000	0.0000	0.0000	0.0000	/	A	0	
	99.6165	79.3688	39.4607	72.2704	100.0000	95.1752	75.7789	72.3254	13.7813	39.4607	87.3730	45.9362	39.4607	39.4607	66.9440	76.9054	84.1112	39.4607	100.0000	82.7916	75.4474	100.0000	39.4607	/	B	71977	
	0.0000	1.2179	1.1406	0.0000	0.0000	0.0000	0.0000	1.3982	0.7268	1.1406	0.2012	2.7674	1.1406	1.1406	0.0000	2.2194	0.0000	1.1406	0.0000	14.5004	12.4627	0.0000	1.1406	/	C	2080	
	0.3835	19.4133	59.3988	27.7296	0.0000	4.8248	24.2211	26.2765	85.4920	59.3988	12.4257	51.2965	59.3988	59.3988	33.0560	20.8753	15.8888	59.3988	0.0000	2.7080	12.0899	0.0000	59.3988	/	D	108344	
C	2.5871	4.6703	0.0000	1.0515	0.0000	0.0000	0.6059	3.3256	43.0357	0.0000	2.8889	27.4783	0.0000	0.0000	0.0673	0.0000	7.3180	0.0000	0.0000	0.0000	6.9713	0.0000	100.0000	/	6	36924	
	0.0000	0.0000	0.0000	0.0000	0.0000	0.0000	0.0000	0.0000	0.0000	0.0000	0.0000	0.0000	0.0000	0.0000	0.0000	0.0000	0.0000	0.0000	0.0000	0.0000	0.0000	0.0000	0.0000	/	A	0	
	49.7236	59.2450	47.9869	46.2692	47.9869	47.9869	20.2029	55.5060	44.9304	47.9869	58.5261	38.9332	47.9869	47.9869	0.0000	47.9869	57.4967	47.9869	47.9869	47.9869	79.5557	47.9869	47.9869	/	B	17719	
	50.2764	40.7550	31.6491	49.6046	31.6491	31.6491	79.7971	44.4940	8.9035	31.6491	41.4739	59.5319	31.6491	31.6491	100.0000	31.6491	42.5033	31.6491	31.6491	31.6491	20.0006	31.6491	31.6491	/	C	11686	
	0.0000	0.0000	20.3640	4.1262	20.3640	20.3640	0.0000	0.0000	46.1662	20.3640	0.0000	1.5349	20.3640	20.3640	0.0000	20.3640	0.0000	20.3640	20.3640	20.3640	0.4437	20.3640	20.3640	/	D	7519	
C	4.2963	3.9472	0.0170	2.9602	0.1158	0.4398	1.3046	10.2744	62.0222	0.0000	1.4164	4.3536	0.0000	3.0045	1.9768	0.8372	0.9013	0.0000	0.0000	0.0385	1.6257	0.4684	100.0000	/	07N	285010	
	0.0000	0.0000	0.0000	0.0000	0.0000	0.0000	0.0000	0.0000	0.0000	0.0000	0.0000	0.0000	0.0000	0.0000	0.0000	0.0000	0.0000	0.0000	0.0000	0.0000	0.0000	0.0000	0.0000	/	A	0	
	26.9920	45.5300	0.0000	18.3736	0.0000	6.5393	18.8846	14.5893	2.5551	9.8583	49.8155	25.2260	9.8583	8.0597	7.2095	11.5672	52.0799	9.8583	9.8583	32.9869	14.2276	0.0000	9.8583	/	B	28097	
	72.4658	47.0702	0.0000	80.7804	77.4653	90.5556	76.4295	71.7396	20.8037	40.3785	47.4889	70.5642	40.3785	90.3178	92.2101	81.5003	47.9201	40.3785	40.3785	67.0131	84.1166	100.0000	40.3785	/	C	115083	
	0.5423	7.3997	100.0000	0.8459	22.5347	2.9050	4.6860	13.6711	76.6412	49.7633	2.6956	4.2098	49.7633	1.6225	0.5804	6.9325	0.0000	49.7633	49.7633	0.0000	1.6558	0.0000	49.7633	/	D	141830	
C	1.6495	6.4477	0.5858	1.1989	1.7372	0.4120	0.6748	9.9731	66.4351	0.0134	0.3249	0.2962	0.0000	0.5871	0.1275	0.9464	0.0540	0.0000	6.2736	0.1785	1.1851	0.8991	100.0000	/	07S	390568	
	0.0000	0.0000	0.0000	0.0000	0.0000	0.0000	0.0000	0.0000	0.0000	0.0000	0.0000	0.0000	0.0000	0.0000	0.0000	0.0000	0.0000	0.0000	0.0000	0.0000	0.0000	0.0000	0.0000	/	A	0	
	59.1114	91.5947	58.8076	69.9061	62.7495	70.9344	41.4812	58.1611	6.4820	27.4390	91.5334	76.4795	27.7445	57.7241	60.1121	61.0031	62.2706	27.7445	81.8936	62.3629	67.8238	33.9292	27.7445	/	B	108361	
	17.1333	0.1108	5.8086	19.6706	10.6873	0.1666	21.1360	10.4344	10.4816	14.5960	7.8433	3.7345	10.1760	0.0502	0.0000	15.0738	10.6843	10.1760	10.4082	33.6288	11.3255	27.6783	10.1760	/	C	39744	
	23.7553	8.2945	35.3838	10.4233	26.5632	28.8990	37.3828	31.4045	83.0364	57.9649	0.6233	19.7860	62.0796	42.2257	39.8879	23.9231	27.0451	62.0796	7.6982	4.0084	20.8508	38.3925	62.0796	/	D	242463	
C	1.6816	2.8775	0.0476	1.2773	0.5045	0.5681	1.6944	3.9448	19.6040	0.0000	5.6532	2.0989	0.0000	54.9872	1.0985	1.4000	0.0262	0.0000	0.5087	0.0000	2.0276	0.0000	100.0000	/	08N	173605	
	0.0000	0.0000	0.0000	0.0000	0.0000	0.0000	0.0000	0.0000	0.0000	0.0000	0.0000	0.0000	0.0000	0.0000	0.0000	0.0000	0.0000	0.0000	0.0000	0.0000	0.0000	0.0000	0.0000	/	A	0	
	77.5866	90.2831	100.0000	81.6006	71.0826	76.1635	84.4803	76.2891	94.9796	100.0000	84.8607	70.9405	86.1175	84.9165	84.7662	90.7885	100.0000	86.1175	81.4059	86.1175	81.4273	86.1175	86.1175	/	B	149504	
	22.3942	9.7169	0.0000	18.3994	28.9174	23.0892	10.8680	22.5589	4.9573	0.0000	15.1393	29.0595	13.7217	15.0835	15.2338	8.8638	0.0000	13.7217	15.6874	13.7217	18.5727	13.7217	13.7217	/	C	23822	
	0.0192	0.0000	0.0000	0.0000	0.0000	0.7473	4.6517	1.1520	0.0630	0.0000	0.0000	0.0000	0.1608	0.0000	0.0000	0.3477	0.0000	0.1608	2.9067	0.1608	0.0000	0.1608	0.1608	/	D	279	
C	2.2878	0.0784	0.6995	2.6113	3.7509	1.3814	1.2163	9.5196	12.4407	0.0051	2.0807	1.4127	0.0000	43.6172	1.7232	6.7301	0.0125	0.0000	8.1509	0.0741	2.1566	0.0511	100.0000	/	08S	233199	
	0.0000	0.0000	0.0000	0.0000	0.0000	0.0000	0.0000	0.0000	0.0000	0.0000	0.0000	0.0000	0.0000	0.0000	0.0000	0.0000	0.0000	0.0000	0.0000	0.0000	0.0000	0.0000	0.0000	/	A	0	
	40.0428	62.7879	13.6758	25.1748	37.9196	34.0825	24.7655	42.0476	51.6358	100.0000	12.2335	51.7577	42.1646	49.0510	53.2262	19.6380	33.7217	42.1646	25.8296	72.6379	45.7431	100.0000	42.1646	/	B	98328	
	26.1606	32.6604	41.3908	29.8725	21.1848	44.4713	9.1583	15.7732	10.0069	0.0000	78.2966	4.6381	12.3869	3.1961	8.1078	17.0698	26.4907	12.3869	17.7650	12.9144	27.2763	0.0000	12.3869	/	C	28886	
	33.7966	4.5517	44.9334	44.9528	40.8956	21.4462	66.0761	42.1792	38.3573	0.0000	9.4700	43.6042	45.4485	47.7529	38.6660	63.2921	39.7875	45.4485	56.4053	14.4477	26.9806	0.0000	45.4485	/	D	105985	
C	1.5124	3.4974	0.0161	2.6826	3.0671	3.7912	2.3317	9.9990	30.7193	0.0000	7.9167	1.1885	0.0000	27.9365	1.8988	2.1816	0.0000	0.0000	0.7447	0.0000	0.5164	0.0000	100.0000	/	9	106920	
	0.0000	0.0000	0.0000	0.0000	0.0000	0.0000	0.0000	0.0000	0.0000	0.0000	0.0000	0.0000	0.0000	0.0000	0.0000	0.0000	0.0000	0.0000	0.0000	0.0000	0.0000	0.0000	0.0000	/	A	0	
	6.2408	94.4379	0.0000	4.7301	1.3195	16.2124	49.8883	48.8363	25.6632	22.5021	35.8133	5.3133	22.5021	1.0587	25.9137	25.4574	22.5021	22.5021	0.0000	22.5021	29.3117	22.5021	22.5021	/	B	24059	
	7.8524	0.0000	92.7991	2.9645	20.2381	39.2650	1.2515	8.6723	8.0414	10.8994	37.1268	6.6117	10.8994	2.7821	6.4362	28.9943	10.8994	10.8994	74.5130	10.8994	20.4365	10.8994	10.8994	/	C	11654	
	85.9068	5.5621	7.2009	92.3054	78.4424	44.5226	48.8602	42.4914	66.2954	66.5985	27.0599	88.0749	66.5985	96.1593	67.6501	45.5483	66.5985	66.5985	25.4870	66.5985	50.2518	66.5985	66.5985	/	D	71207	
C	0.5239	19.0930	0.0000	0.4028	0.0064	0.1092	0.3820	1.5517	51.8252	0.0066	2.7923	1.1038	0.0000	8.4158	0.5884	0.3901	0.9307	0.0000	0.0051	0.0999	11.7730	0.0000	100.0000	/	10	129805	
	0.0000	0.0000	1.4526	0.0000	0.0000	0.0000	0.0000	0.0000	2.2378	0.0000	0.0000	0.0000	1.4526	0.0000	0.0000	0.0000	30.2122	1.4526	0.0000	0.0000	0.0991	1.4526	1.4526	/	A	1886	
	46.6460	93.4264	39.9733	60.6174	100.0000	74.2325	84.5204	63.3608	8.9199	100.0000	83.9617	82.5530	39.9733	21.8448	69.3179	79.6761	31.6003	39.9733	100.0000	100.0000	79.9459	39.9733	39.9733	/	B	51887	
	0.0000	0.0000	0.0000	0.0000	0.0000	0.0000	0.0000	0.0000	0.0000	0.0000	0.0000	0.0000	0.0000	0.0000	0.0000	0.0000	0.0000	0.0000	0.0000	0.0000	0.0000	0.0000	0.0000	/	C	0	
	53.3540	6.5736	58.5741	39.3826	0.0000	25.7675	15.4796	36.6392	88.8423	0.0000	16.0383	17.4470	58.5741	78.1552	30.6821	20.3239	38.1874	58.5741	0.0000	0.0000	19.9550	58.5741	58.5741	/	D	76032	
C	1.1295	0.2364	0.0582	0.1431	0.2899	0.1063	0.5580	1.1551	19.4284	0.0000	12.9633	2.0918	0.0000	56.3574	0.0030	0.5358	0.7092	0.0000	0.0011	0.0900	4.1395	0.0040	100.0000	/	11	237118	
	0.0000	0.0000	0.0000	0.0000	0.0000	0.0000	0.0000	0.0000	0.6609	0.3712	0.0528	0.0155	0.3712	0.0000	0.0000	0.0000	3.2482	0.3712	0.0000	0.0000	5.1365	0.0000	0.3712	/	A	880	
	49.5034	50.7313	0.0000	5.1192	9.9985	95.1008	41.4324	21.9510	6.5621	18.0124	67.1387	43.0285	18.0124	6.1133	10.0141	7.1415	71.2999	18.0124	0.0000	60.9674	43.1053	100.0000	18.0124	/	B	42711	
	0.0000	28.2741	0.0000	0.0000	0.0000	0.0000	4.5640	5.0755	22.2517	7.1175	17.1473	5.1667	7.1175	0.2000	0.0000	0.0000	14.6406	7.1175	0.0000	24.1470	1.7918	0.0000	7.1175	/	C	16877	
	50.4966	20.9946	100.0000	94.8808	90.0015	4.8992	54.0036	72.9735	70.5253	74.4989	15.6613	51.7893	74.4989	93.6867	89.9859	92.8585	10.8114	74.4989	100.0000	14.8856	49.9664	0.0000	74.4989	/	D	176651	
C	0.6188	0.7850	0.0000	0.0698	0.0000	0.0000	2.4341	4.2724	50.7352	0.0000	12.5866	4.2982	0.0000	10.4102	0.0000	0.0278	1.9002	0.0000	0.0000	0.0187	11.8430	0.0000	100.0000	/	12	35806	
	0.0000	0.0000	12.2066	0.0000	12.2066	12.2066	0.0000	0.0000	12.8658	12.2066	0.0000	0.0000	12.2066	0.0000	12.2066	0.0000	0.0000	12.2066	12.2066	0.0000	47.9536	12.2066	12.2066	/	A	4371	
	58.3047	44.1409	22.6446	100.0000	22.6446	22.6446	61.4042	21.4993	14.4537	22.6446	40.3027	36.7761	22.6446	44.0574	22.6446	51.4056	6.7314	22.6446	22.6446	100.0000	6.0828	22.6446	22.6446	/	B	8108	
	0.0000	42.4724	11.5581	0.0000	11.5581	11.5581	0.5358	0.0000	6.9091	11.5581	55.8238	6.1352	11.5581	0.0000	11.5581	0.0000	8.4246	11.5581	11.5581	0.0000	2.1634	11.5581	11.5581	/	C	4138	
	41.6953	13.3867	53.5907	0.0000	53.5907	53.5907	38.0599	78.5007	65.7714	53.5907	3.8736	57.0887	53.5907	55.9426	53.5907	48.5944	84.8440	53.5907	53.5907	0.0000	43.8001	53.5907	53.5907	/	D	19188	
C	0.0525	0.0607	0.0000	0.0000	0.0000	0.0000	0.1270	0.6443	84.5346	0.0000	0.1778	1.3918	0.0000	0.0000	0.0000	0.0000	4.7668	0.0000	0.0000	0.0000	8.2444	0.0000	100.0000	/	13	74586	
	0.0000	0.0000	0.0000	0.0000	0.0000	0.0000	0.0000	0.0000	0.0000	0.0000	0.0000	0.0000	0.0000	0.0000	0.0000	0.0000	0.0000	0.0000	0.0000	0.0000	0.0000	0.0000	0.0000	/	A	0	
	0.0000	16.3355	24.0337	24.0337	24.0337	24.0337	0.0000	0.0000	27.9876	24.0337	7.1773	6.4976	24.0337	24.0337	24.0337	24.0337	0.4869	24.0337	24.0337	24.0337	2.8885	24.0337	24.0337	/	B	17926	
	0.0000	0.0000	0.0000	0.0000	0.0000	0.0000	0.0000	0.0000	0.0000	0.0000	0.0000	0.0000	0.0000	0.0000	0.0000	0.0000	0.0000	0.0000	0.0000	0.0000	0.0000	0.0000	0.0000	/	C	0	
	100.0000	83.6645	75.9664	75.9664	75.9664	75.9664	100.0000	100.0000	72.0124	75.9664	92.8227	93.5024	75.9664	75.9664	75.9664	75.9664	99.5131	75.9664	75.9664	75.9664	97.1115	75.9664	75.9664	/	D	56660	
C	0.0908	0.0000	0.0000	0.0000	0.0000	0.0000	0.1034	0.1456	79.9808	0.0000	0.7502	4.9583	0.0000	4.9444	0.0000	0.0000	0.6391	0.0000	0.0000	0.0069	8.3625	0.0179	100.0000	/	14	64903	
	0.0000	0.0000	0.0000	0.0000	0.0000	0.0000	0.0000	0.0000	0.0000	0.0000	0.0000	0.0000	0.0000	0.0000	0.0000	0.0000	0.0000	0.0000	0.0000	0.0000	0.0000	0.0000	0.0000	/	A	0	
	79.9864	2.2572	2.2572	2.2572	2.2572	2.2572	0.8043	4.4752	1.6018	2.2572	87.3793	2.2529	2.2572	2.3801	2.2572	2.2572	0.0024	2.2572	2.2572	0.0000	0.1343	0.0000	2.2572	/	B	1465	
	0.0000	0.0000	0.0000	0.0000	0.0000	0.0000	0.0000	0.0000	0.0000	0.0000	0.0000	0.0000	0.0000	0.0000	0.0000	0.0000	0.0000	0.0000	0.0000	0.0000	0.0000	0.0000	0.0000	/	C	0	
	20.0136	97.7428	97.7428	97.7428	97.7428	97.7428	99.1957	95.5248	98.3982	97.7428	12.6207	97.7471	97.7428	97.6199	97.7428	97.7428	99.9976	97.7428	97.7428	100.0000	99.8657	100.0000	97.7428	/	D	63438	
C	0.1271	0.2682	0.0000	0.0076	0.0074	0.0000	0.1792	0.3602	18.6954	0.0000	29.7910	3.3408	0.0000	39.4153	0.0000	0.1470	0.7723	0.0000	0.0071	0.0132	6.8681	0.0000	100.0000	/	15N	49061	
	0.0000	0.0000	0.0000	0.0000	0.0000	0.0000	0.0000	0.0000	0.0000	0.0000	0.0000	0.0000	0.0000	0.0000	0.0000	0.0000	0.0000	0.0000	0.0000	0.0000	0.0000	0.0000	0.0000	/	A	0	
	0.0000	100.0000	24.9513	0.0000	100.0000	24.9513	24.3317	37.8331	13.9805	24.9513	58.1799	9.5801	24.9513	6.9509	24.9513	54.8378	75.9151	24.9513	0.0000	0.0000	11.9836	24.9513	24.9513	/	B	12241	
	0.0000	0.0000	13.5559	0.0000	0.0000	13.5559	0.0000	3.0382	17.1117	13.5559	24.1482	17.1365	13.5559	0.9818	13.5559	4.5467	22.8234	13.5559	100.0000	100.0000	28.9628	13.5559	13.5559	/	C	6651	
	100.0000	0.0000	61.4928	100.0000	0.0000	61.4928	75.6683	59.1287	68.9079	61.4928	17.6720	73.2834	61.4928	92.0674	61.4928	40.6155	1.2615	61.4928	0.0000	0.0000	59.0536	61.4928	61.4928	/	D	30169	
C	0.4548	1.4353	0.0000	0.7955	0.3321	0.0928	0.3312	1.0912	43.6809	0.0000	17.0568	8.2693	0.0000	16.7476	0.0000	0.1399	0.1516	0.0000	0.0117	0.0799	9.3294	0.0000	100.0000	/	15S	100521	
	0.0000	0.0000	0.0000	0.0000	0.0000	0.0000	0.0000	0.0000	0.0000	0.0000	0.0000	0.0000	0.0000	0.0000	0.0000	0.0000	0.0000	0.0000	0.0000	0.0000	0.0000	0.0000	0.0000	/	A	0	
	60.2533	56.1970	8.0905	0.0000	6.3125	0.0000	14.0767	7.1811	4.9562	8.0905	25.7178	0.5397	8.0905	0.0336	8.0905	0.0000	0.0131	8.0905	0.0000	0.0000	2.8090	8.0905	8.0905	/	B	8133	
	19.2248	21.9927	12.1104	0.7741	54.2903	0.0000	0.0000	27.6249	7.3616	12.1104	39.8978	2.6370	12.1104	0.4370	12.1104	13.4964	49.2552	12.1104	0.0000	56.2196	8.2408	12.1104	12.1104	/	C	12174	
	20.5219	21.8104	79.7992	99.2259	39.3972	100.0000	85.9233	65.1940	87.6823	79.7992	34.3845	96.8233	79.7992	99.5294	79.7992	86.5036	50.7317	79.7992	100.0000	43.7804	88.9501	79.7992	79.7992	/	D	80215	
C	0.4813	0.6285	0.0097	0.1521	3.1444	0.3718	0.0300	0.7640	9.1781	0.0000	53.9430	0.5515	0.0000	8.2433	0.2015	2.3861	0.1774	0.0000	1.8268	1.6270	16.2836	0.0000	100.0000	/	16	63452	
	0.0000	0.0000	0.0000	0.0000	0.0000	0.0000	0.0000	0.0000	0.0000	0.0000	0.0000	0.0000	0.0000	0.0000	0.0000	0.0000	0.0000	0.0000	0.0000	0.0000	0.0000	0.0000	0.0000	/	A	0	
	59.9928	97.9189	0.0000	5.5343	36.4001	73.6414	51.9412	88.8169	25.9115	65.6195	78.0632	49.6342	65.6195	5.7050	0.0000	25.3246	97.6368	65.6195	45.4720	84.6497	88.2922	65.6195	65.6195	/	B	41637	
	0.0000	2.0811	0.0000	0.0000	17.2568	0.0000	48.0588	1.1346	64.1856	13.5626	9.3066	11.8799	13.5626	0.3728	0.0000	9.0567	2.3632	13.5626	0.0000	13.0991	9.4751	13.5626	13.5626	/	C	8606	
	40.0072	0.0000	100.0000	94.4657	46.3432	26.3586	0.0000	10.0485	9.9029	20.8180	12.6303	38.4859	20.8180	93.9222	100.0000	65.6187	0.0000	20.8180	54.5280	2.2512	2.2327	20.8180	20.8180	/	D	13209	
C	0.0000	6.8358	0.0000	0.0000	0.0000	0.3882	0.9213	2.1194	77.4863	0.0000	3.1756	0.8671	0.0000	7.2240	0.0000	0.4037	0.0000	0.0000	0.0000	0.0000	0.3852	0.1934	100.0000	/	17N	47123	
	0.0000	0.0000	0.0000	0.0000	0.0000	0.0000	0.0000	0.0000	0.0000	0.0000	0.0000	0.0000	0.0000	0.0000	0.0000	0.0000	0.0000	0.0000	0.0000	0.0000	0.0000	0.0000	0.0000	/	A	0	
	25.2516	89.4105	25.2516	25.2516	25.2516	0.0000	0.2096	30.8779	14.1649	25.2516	90.9151	62.4660	25.2516	48.5355	25.2516	31.3584	25.2516	25.2516	25.2516	25.2516	65.5503	100.0000	25.2516	/	B	11899	
	23.2075	5.6870	23.2075	23.2075	23.2075	0.0000	19.4583	69.1221	26.6626	23.2075	8.6104	0.3206	23.2075	0.0015	23.2075	49.6267	23.2075	23.2075	23.2075	23.2075	9.8491	0.0000	23.2075	/	C	10936	
	51.5409	4.9025	51.5409	51.5409	51.5409	100.0000	80.3321	0.0000	59.1724	51.5409	0.4745	37.2133	51.5409	51.4631	51.5409	19.0148	51.5409	51.5409	51.5409	51.5409	24.6006	0.0000	51.5409	/	D	24288	
C	1.1134	3.8208	0.9434	0.0149	0.2854	6.2265	6.7663	4.0293	52.4922	0.0000	1.2594	0.3974	0.0000	18.1624	0.0000	1.4217	0.0709	0.0000	0.0068	0.0000	2.9892	0.0000	100.0000	/	17S	43743	
	0.0000	0.0000	0.0000	0.0000	0.0000	0.0000	0.0000	0.0000	0.0000	0.0000	0.0000	0.0000	0.0000	0.0000	0.0000	0.0000	0.0000	0.0000	0.0000	0.0000	0.0000	0.0000	0.0000	/	A	0	
	99.9281	76.6644	0.0000	100.0000	14.5077	4.7910	0.4463	48.5980	10.3896	16.3318	65.9031	51.3978	16.3318	5.8376	16.3318	14.4272	82.8387	16.3318	0.0000	16.3318	71.4231	16.3318	16.3318	/	B	7144	
	0.0041	23.3356	55.4037	0.0000	85.4923	66.7937	76.7214	15.2634	59.8267	48.9770	33.6250	3.4399	48.9770	22.1533	48.9770	49.1365	17.1613	48.9770	100.0000	48.9770	25.7938	48.9770	48.9770	/	C	21424	
	0.0678	0.0000	44.5963	0.0000	0.0000	28.4153	22.8323	36.1386	29.7837	34.6911	0.4720	45.1622	34.6911	72.0091	34.6911	36.4363	0.0000	34.6911	0.0000	34.6911	2.7830	34.6911	34.6911	/	D	15175	
C	0.3700	0.0205	0.2008	0.9851	3.9657	6.5125	0.7609	8.3087	4.2576	0.0406	9.6419	0.0564	0.0000	25.9995	0.0000	23.0279	0.0000	0.0000	13.0575	1.6363	1.1584	0.0000	100.0000	/	18	34246	
	0.0000	0.0000	0.0000	0.0000	0.0000	0.0000	0.0000	0.0000	0.0000	0.0000	0.0000	0.0000	0.0000	0.0000	0.0000	0.0000	0.0000	0.0000	0.0000	0.0000	0.0000	0.0000	0.0000	/	A	0	
	0.0000	0.0000	0.0000	0.0000	0.0000	0.0000	0.0000	0.0000	0.0000	0.0000	0.0000	0.0000	0.0000	0.0000	0.0000	0.0000	0.0000	0.0000	0.0000	0.0000	0.0000	0.0000	0.0000	/	B	0	
	100.0000	100.0000	100.0000	39.0218	60.2181	52.0036	47.9142	69.0188	67.2325	100.0000	99.6302	100.0000	48.2680	21.8337	48.2680	41.9822	48.2680	48.2680	38.0464	100.0000	78.0761	48.2680	48.2680	/	C	16530	
	0.0000	0.0000	0.0000	60.9782	39.7819	47.9964	52.0858	30.9812	32.7675	0.0000	0.3698	0.0000	51.7319	78.1663	51.7319	58.0178	51.7319	51.7319	61.9536	0.0000	21.9239	51.7319	51.7319	/	D	17716	
C	0.5647	0.0000	0.0000	6.9690	8.5047	4.0654	0.9010	8.3290	5.5312	0.0000	2.3303	0.0146	0.0000	23.5968	0.1617	15.1636	0.0000	0.0000	22.6976	0.3137	0.8568	0.0000	100.0000	/	19	66315	
	0.0000	0.0000	0.0000	0.0000	0.0000	0.0000	0.0000	0.0000	0.0000	0.0000	0.0000	0.0000	0.0000	0.0000	0.0000	0.0000	0.0000	0.0000	0.0000	0.0000	0.0000	0.0000	0.0000	/	A	0	
	0.0000	0.0000	0.0000	0.0000	0.0000	0.0000	0.0000	0.0000	0.0000	0.0000	0.0000	0.0000	0.0000	0.0000	0.0000	0.0000	0.0000	0.0000	0.0000	0.0000	0.0000	0.0000	0.0000	/	B	0	
	100.0000	28.7659	28.7659	32.4040	26.9099	39.9031	36.4383	31.0638	58.6138	28.7659	98.8054	0.0000	28.7659	11.7888	100.0000	23.1643	28.7659	28.7659	28.3453	80.0317	50.3370	28.7659	28.7659	/	C	19076	
	0.0000	71.2341	71.2341	67.5960	73.0901	60.0969	63.5617	68.9362	41.3862	71.2341	1.1946	100.0000	71.2341	88.2112	0.0000	76.8357	71.2341	71.2341	71.6547	19.9683	49.6630	71.2341	71.2341	/	D	47239	
C	5.9501	1.3786	0.3967	5.7834	0.6910	0.3465	1.7805	13.5277	45.4561	0.0311	3.6544	1.0102	0.0000	1.1153	0.7506	1.5593	0.0858	0.0000	7.7283	0.5996	7.6265	0.5283	100.0000	/	20	311028	
	0.0000	0.0000	0.0000	0.0000	0.0000	0.0000	0.0000	0.0000	0.0000	0.0000	0.0000	0.0000	0.0000	0.0000	0.0000	0.0000	0.0000	0.0000	0.0000	0.0000	0.0000	0.0000	0.0000	/	A	0	
	24.0521	58.6641	15.5197	31.7176	45.8367	42.3687	29.9034	35.0074	8.2133	22.3978	76.3343	39.8919	26.7414	0.0000	12.1940	27.8153	34.2522	26.7414	51.2199	79.8273	63.5568	19.3377	26.7414	/	B	83173	
	25.4154	24.2974	52.1634	21.9122	29.6052	10.2168	34.4278	28.8375	50.9302	53.3147	15.3625	10.1057	36.5196	17.0916	24.4352	26.9476	20.3229	36.5196	31.8721	13.9809	14.5954	26.7783	36.5196	/	C	113586	
	50.5326	17.0385	32.3169	46.3702	24.5581	47.4145	35.6687	36.1551	40.8566	24.2875	8.3032	50.0024	36.7390	82.9084	63.3707	45.2371	45.4249	36.7390	16.9080	6.1918	21.8478	53.8840	36.7390	/	D	114268	
C	8.4897	0.3780	0.0083	15.3347	3.3957	0.4912	1.5144	5.3955	16.8453	0.0110	6.8602	0.0990	0.0000	19.8537	1.3438	6.8341	0.0000	0.0000	9.1399	0.2340	3.7715	0.0000	100.0000	/	21	53613	
	0.0000	0.0000	0.0000	0.0000	0.0000	0.0000	0.0000	0.0000	0.0000	0.0000	0.0000	0.0000	0.0000	0.0000	0.0000	0.0000	0.0000	0.0000	0.0000	0.0000	0.0000	0.0000	0.0000	/	A	0	
	0.2913	0.0000	46.2754	2.9248	0.3867	0.0000	10.1233	10.5270	2.3208	0.0000	2.3176	63.9465	3.1782	1.8041	8.8470	5.0762	3.1782	3.1782	3.5958	0.0000	5.3263	3.1782	3.1782	/	B	1704	
	42.3324	100.0000	0.0000	18.5317	32.2598	100.0000	10.6899	62.0431	41.1364	100.0000	94.8841	15.8688	36.1077	1.7854	0.0000	34.8287	36.1077	36.1077	55.3875	100.0000	71.6265	36.1077	36.1077	/	C	19358	
	57.3762	0.0000	53.7246	78.5435	67.3535	0.0000	79.1868	27.4299	56.5428	0.0000	2.7983	20.1847	60.7141	96.4105	91.1530	60.0951	60.7141	60.7141	41.0167	0.0000	23.0471	60.7141	60.7141	/	D	32550	
C	3.8941	0.0000	0.0000	5.0821	0.1826	0.6523	0.6902	8.0695	11.2121	0.0938	4.0977	2.4958	0.0000	46.0384	5.5829	2.6163	0.0186	0.0000	1.1675	0.2759	7.8263	0.0039	100.0000	/	22	59681	
	0.0000	0.0000	0.0000	0.0000	0.0000	0.0000	0.0000	0.0000	0.0000	0.0000	0.0000	0.0000	0.0000	0.0000	0.0000	0.0000	0.0000	0.0000	0.0000	0.0000	0.0000	0.0000	0.0000	/	A	0	
	4.9875	0.6538	0.6538	0.4148	3.7809	0.0000	0.0000	3.2802	0.2460	0.0000	1.0995	0.9963	0.6538	0.0039	0.0000	0.0000	0.0000	0.6538	0.0000	0.0000	0.8639	0.0000	0.6538	/	B	390	
	85.7066	34.7393	34.7393	95.7517	93.8056	73.5077	61.9835	54.8350	32.4176	100.0000	98.4417	54.3013	34.7393	6.0506	26.3294	84.6978	100.0000	34.7393	100.0000	87.2882	51.2655	100.0000	34.7393	/	C	20733	
	9.3059	64.6069	64.6069	3.8335	2.4135	26.4923	38.0165	41.8848	67.3364	0.0000	0.4588	44.7024	64.6069	93.9455	73.6706	15.3022	0.0000	64.6069	0.0000	12.7118	47.8706	0.0000	64.6069	/	D	38558	
C	1.5942	0.3030	0.0000	0.7742	0.0081	0.4019	1.6161	4.9723	23.1971	0.0000	11.1682	4.9581	0.0000	47.9452	0.4788	0.0042	0.0760	0.0000	0.0000	0.0400	2.4628	0.0000	100.0000	/	23	76514	
	0.0000	0.0000	0.0000	0.0000	0.0000	0.0000	0.0000	0.0000	0.0000	0.0000	0.0000	0.0000	0.0000	0.0000	0.0000	0.0000	0.0000	0.0000	0.0000	0.0000	0.0000	0.0000	0.0000	/	A	0	
	7.7901	0.0000	5.3955	6.5379	0.0000	0.0000	5.4395	12.5697	5.4807	5.3955	4.4863	6.2380	5.3955	4.8052	0.0000	0.0000	0.0000	5.3955	5.3955	0.0000	4.9623	5.3955	5.3955	/	B	4128	
	25.6214	27.9934	15.1010	0.0017	0.0000	0.0000	3.6045	5.8896	11.9814	15.1010	87.2218	4.6074	15.1010	2.4646	0.0000	100.0000	13.4652	15.1010	15.1010	0.0000	12.6582	15.1010	15.1010	/	C	11554	
	66.5885	72.0066	79.5035	93.4604	100.0000	100.0000	90.9560	81.5407	82.5379	79.5035	8.2919	89.1546	79.5035	92.7302	100.0000	0.0000	86.5348	79.5035	79.5035	100.0000	82.3794	79.5035	79.5035	/	D	60831	
C	0.0000	0.0135	0.0000	0.2996	0.0000	0.0000	0.0799	2.6145	71.4345	0.0000	0.5780	8.5739	0.0000	4.8695	0.0000	0.0000	0.0724	0.0000	0.0000	0.1889	11.2529	0.0223	100.0000	/	24	185016	
	0.0000	0.0000	0.0000	0.0000	0.0000	0.0000	0.0000	0.0000	0.0000	0.0000	0.0000	0.0000	0.0000	0.0000	0.0000	0.0000	0.0000	0.0000	0.0000	0.0000	0.0000	0.0000	0.0000	/	A	0	
	40.7656	86.5469	40.7656	0.0000	40.7656	40.7656	41.7817	14.3104	39.6767	40.7656	70.7583	53.7496	40.7656	36.1396	40.7656	40.7656	75.9684	40.7656	40.7656	100.0000	44.1076	85.0279	40.7656	/	B	75423	
	0.0359	0.0000	0.0359	0.0000	0.0359	0.0359	0.0000	0.0000	0.0423	0.0359	0.0000	0.0000	0.0359	0.0000	0.0359	0.0359	0.0000	0.0359	0.0359	0.0000	0.0508	0.0000	0.0359	/	C	66	
	59.1985	13.4531	59.1985	100.0000	59.1985	59.1985	58.2183	85.6896	60.2810	59.1985	29.2417	46.2504	59.1985	63.8604	59.1985	59.1985	24.0316	59.1985	59.1985	0.0000	55.8416	14.9721	59.1985	/	D	109527	
C	6.6632	0.5469	0.0000	4.6433	0.1856	1.5945	2.4950	19.4904	40.5522	0.0218	3.3506	3.2787	0.0000	0.0000	2.8255	0.7656	0.0031	0.0000	6.8404	0.3024	6.4082	0.0326	100.0000	/	25	258140	
	0.0000	0.0000	0.0000	0.0000	0.0000	0.0000	0.0000	0.0000	0.0000	0.0000	0.0000	0.0000	0.0000	0.0000	0.0000	0.0000	0.0000	0.0000	0.0000	0.0000	0.0000	0.0000	0.0000	/	A	0	
	12.7622	91.0400	20.8623	21.6878	41.6206	48.5747	31.5038	18.3989	6.9244	89.1374	83.6220	8.4661	20.8623	20.8623	13.3879	20.0150	83.1461	20.8623	55.4860	64.0944	44.1779	67.3921	20.8623	/	B	53854	
	20.7166	5.0364	17.8967	32.1993	21.3488	28.0904	30.3098	12.6833	15.7173	10.8626	7.1606	14.9661	17.8967	17.8967	20.0370	7.9172	16.8539	17.8967	29.0824	14.7671	23.5194	8.3482	17.8967	/	C	46199	
	66.5212	3.9236	61.2410	46.1128	37.0306	23.3349	38.1865	68.9178	77.3583	0.0000	9.2174	76.5679	61.2410	61.2410	66.5752	72.0678	0.0000	61.2410	15.4316	21.1385	32.3027	24.2597	61.2410	/	D	158087	
C	0.0000	0.1652	0.0000	0.0424	0.0475	0.0000	0.0006	1.3370	27.4997	0.0000	0.1308	0.9943	0.0000	0.5900	0.1807	0.2778	0.1024	0.0000	0.0145	0.0874	68.4928	0.0369	100.0000	/	26N	137276	
	0.0000	0.0000	0.0000	0.0000	0.0000	0.0000	0.0000	0.0000	0.0000	0.0000	0.0000	0.0000	0.0000	0.0000	0.0000	0.0000	0.0000	0.0000	0.0000	0.0000	0.0000	0.0000	0.0000	/	A	0	
	15.0471	43.1148	15.0471	0.0000	0.0000	15.0471	0.0000	42.8722	20.2207	15.0471	67.4224	28.4916	15.0471	0.0000	0.0000	0.1993	16.8872	15.0471	0.0000	20.2535	12.2613	100.0000	15.0471	/	B	20656	
	4.5107	0.0000	4.5107	82.1527	33.1748	4.5107	0.0000	5.9253	3.9647	4.5107	0.0000	4.1284	4.5107	0.0099	0.0000	32.7801	0.0000	4.5107	100.0000	2.0929	4.5875	0.0000	4.5107	/	C	6192	
	80.4422	56.8852	80.4422	17.8473	66.8252	80.4422	100.0000	51.2025	75.8146	80.4422	32.5776	67.3800	80.4422	99.9901	100.0000	67.0207	83.1128	80.4422	0.0000	77.6536	83.1512	0.0000	80.4422	/	D	110428	
C	1.0510	0.0000	0.0000	2.0779	0.0071	0.0000	0.4026	2.2686	37.1988	0.0000	0.1048	5.3525	0.0000	0.0000	0.1406	0.1051	0.0419	0.0000	0.0000	0.7544	49.8657	0.6290	100.0000	/	26S	137140	
	0.0000	0.0000	0.0000	0.0000	0.0000	0.0000	0.0000	0.0000	0.0000	0.0000	0.0000	0.0000	0.0000	0.0000	0.0000	0.0000	0.0000	0.0000	0.0000	0.0000	0.0000	0.0000	0.0000	/	A	0	
	0.0000	3.7199	3.7199	0.0000	0.0000	3.7199	1.0669	1.9577	2.2978	3.7199	20.5385	0.0000	3.7199	3.7199	0.0000	56.2695	0.0000	3.7199	3.7199	0.0000	5.4863	0.0000	3.7199	/	B	5101	
	0.1734	24.1364	24.1364	0.0000	0.0000	24.1364	10.4389	4.3401	42.9848	24.1364	51.0958	9.4282	24.1364	24.1364	48.0079	7.8482	71.1250	24.1364	24.1364	31.8709	14.2384	0.0000	24.1364	/	C	33101	
	99.8266	72.1438	72.1438	100.0000	100.0000	72.1438	88.4942	93.7022	54.7174	72.1438	28.3657	90.5718	72.1438	72.1438	51.9921	35.8823	28.8750	72.1438	72.1438	68.1291	80.2753	100.0000	72.1438	/	D	98938	
C	1.2206	0.1243	0.0000	3.2712	0.2009	0.2946	1.2973	1.6282	57.4573	0.0146	2.4542	6.9157	0.0254	0.0366	0.1107	0.2983	0.0738	0.0000	0.4229	0.5166	7.7499	15.8872	100.0000	/	60N	438301	
	0.0000	0.0000	0.0000	0.0000	0.0000	0.0000	0.0000	0.0000	0.0000	0.0000	0.0000	0.0000	0.0000	0.0000	0.0000	0.0000	0.0000	0.0000	0.0000	0.0000	0.0000	0.0000	0.0000	/	A	0	
	31.4475	47.7526	20.0186	22.1175	86.7645	28.1887	6.2880	15.5368	6.6778	76.1294	66.1578	13.6380	100.0000	0.0000	2.7729	46.7346	13.1469	20.0186	16.6620	54.2133	30.9653	56.1294	20.0186	/	B	87742	
	36.2665	8.0258	6.1494	25.3324	5.1005	51.4883	4.3686	10.1827	3.7818	0.0000	3.4739	4.8839	0.0000	100.0000	88.3684	38.8708	0.7168	6.1494	72.9698	15.3687	4.6062	5.6146	6.1494	/	C	26953	
	32.2860	44.2217	73.8320	52.5501	8.1351	20.3230	89.3434	74.2805	89.5404	23.8706	30.3683	81.4781	0.0000	0.0000	8.8587	14.3946	86.1363	73.8320	10.3682	30.4180	64.4285	38.2560	73.8320	/	D	323607	
C	4.0590	1.1877	0.0000	3.6436	0.4659	1.9809	0.5033	11.7718	23.9558	0.2256	17.9066	3.7730	0.0000	1.2536	1.0181	0.0301	0.0042	0.0000	6.2005	2.0465	14.0506	5.9232	100.0000	/	60S	220836	
	0.0000	0.0000	0.0000	0.0000	0.0000	0.0000	0.0000	0.0000	0.0000	0.0000	0.0000	0.0000	0.0000	0.0000	0.0000	0.0000	0.0000	0.0000	0.0000	0.0000	0.0000	0.0000	0.0000	/	A	0	
	6.8987	62.3771	5.2559	7.2157	18.0725	2.8181	5.4397	2.1297	3.0123	6.6648	7.2334	3.3266	5.2559	0.0000	0.0983	0.0000	0.0000	5.2559	1.1682	20.2028	4.7211	4.1591	5.2559	/	B	11607	
	10.5236	7.6913	23.9521	12.5533	5.4961	39.8649	23.2703	25.3175	7.7502	7.6665	65.4062	18.0366	23.9521	18.1471	22.4755	0.0000	17.8571	23.9521	32.4763	27.0150	6.1852	15.2680	23.9521	/	C	52895	
	82.5777	29.9316	70.7920	80.2310	76.4314	57.3169	71.2900	72.5529	89.2375	85.6687	27.3604	78.6368	70.7920	81.8529	77.4262	100.0000	82.1429	70.7920	66.3555	52.7822	89.0937	80.5728	70.7920	/	D	156334	
C	2.2385	16.3418	0.0000	6.1432	0.1639	0.3514	0.7291	2.7818	28.9461	0.1507	6.9205	13.9645	0.0000	1.5551	0.0118	0.1024	0.0764	0.0000	0.2019	0.6706	15.6234	3.0269	100.0000	/	61	380394	
	0.0000	0.0000	0.0000	0.0000	0.0000	0.0000	0.0000	0.0000	0.0000	0.0000	0.0000	0.0000	0.0000	0.0000	0.0000	0.0000	0.0000	0.0000	0.0000	0.0000	0.0000	0.0000	0.0000	/	A	0	
	47.0028	71.1595	43.2095	29.8163	79.2410	95.7624	49.4924	36.8741	19.3023	83.1726	72.2662	17.3884	43.2095	12.1174	23.4047	48.9433	66.4431	43.2095	64.9068	61.9329	68.0897	73.5258	43.2095	/	B	164366	
	17.5216	21.8478	22.0715	29.8263	0.0000	3.7887	21.3338	11.3277	25.6519	0.0000	17.9924	26.6856	22.0715	7.5856	0.0000	6.2296	18.1149	22.0715	8.9266	26.5648	16.2521	17.2553	22.0715	/	C	83959	
	35.4756	6.9928	34.7190	40.3574	20.7590	0.4489	29.1738	51.7982	55.0458	16.8274	9.7414	55.9260	34.7190	80.2970	76.5953	44.8271	15.4420	34.7190	26.1666	11.5023	15.6582	9.2189	34.7190	/	D	132069	
C	5.9077	26.4856	0.0000	14.6311	0.2450	1.0974	2.0335	1.8067	19.0398	0.0138	5.2146	6.6542	0.0000	0.0000	0.0147	0.0000	0.0842	0.0000	0.1406	1.0885	10.8881	4.6546	100.0000	/	62	334093	
	26.4900	26.4647	24.1805	41.5625	16.7972	4.4179	22.1417	9.5826	4.7420	0.0000	23.5628	15.3571	24.1805	24.1805	0.0000	24.1805	9.3942	24.1805	3.7184	65.3978	39.5474	13.4872	24.1805	/	A	80785	
	23.1473	20.6575	23.5371	15.5542	29.5542	16.2705	29.3618	21.0575	22.2634	78.7820	51.2124	22.5378	23.5371	23.5371	60.4613	23.5371	21.1050	23.5371	86.2522	17.3595	34.0615	15.6522	23.5371	/	B	78636	
	31.2694	46.2080	37.9479	29.9115	42.7254	77.9428	41.4210	57.1735	40.2698	0.0000	22.2033	31.1389	37.9479	37.9479	39.5387	37.9479	41.6770	37.9479	10.0294	16.1413	21.3079	68.8063	37.9479	/	C	126781	
	19.0933	6.6697	14.3345	12.9719	10.9232	1.3687	7.0754	12.1864	32.7247	21.2180	3.0215	30.9661	14.3345	14.3345	0.0000	14.3345	27.8238	14.3345	0.0000	1.1013	5.0833	2.0543	14.3345	/	D	47891	
C	7.2962	10.7886	3.1292	8.0116	0.1257	0.0810	2.7243	3.5220	40.7630	0.0007	2.3260	6.0775	0.0000	0.7158	0.4301	0.0000	0.0268	0.0000	3.3389	1.9686	7.1742	1.4997	100.0000	/	63	512447	
	11.6607	53.9614	0.6292	22.1651	39.3741	21.8848	27.2283	18.8233	5.5874	100.0000	27.4141	29.0803	20.1156	0.5670	0.8340	20.1156	25.8960	20.1156	0.7729	85.6975	41.1746	54.0785	20.1156	/	A	103082	
	20.2762	23.4963	20.5066	31.6324	0.8491	0.0000	21.5571	20.7227	5.3762	0.0000	38.9953	10.4691	15.8923	2.7939	2.4025	15.8923	36.8593	15.8923	18.1698	8.3498	36.7249	13.5414	15.8923	/	B	81440	
	56.9840	4.2394	32.2953	38.5215	9.9739	57.8633	20.8691	45.8690	18.2690	0.0000	4.8902	31.4110	23.6557	96.0920	94.8102	23.6557	19.2294	23.6557	32.4631	3.7472	10.5781	14.2223	23.6557	/	C	121223	
	11.0792	18.3030	46.5689	7.6810	49.8029	20.2519	30.3456	14.5850	70.7674	0.0000	28.7004	29.0396	40.3364	0.5471	1.9533	40.3364	18.0153	40.3364	48.5943	2.2056	11.5224	18.1578	40.3364	/	D	206703	
C	7.8494	16.6057	5.0557	4.3111	0.0725	0.0668	2.5026	4.7372	23.5671	0.1467	3.9689	2.0323	0.0000	0.0122	0.1608	0.0719	1.2962	0.0000	0.3630	0.1944	7.0189	19.9666	100.0000	/	64	534497	
	0.0000	0.0000	0.0000	0.0000	0.0000	0.0000	0.0000	0.0000	0.0000	0.0000	0.0000	0.0000	0.0000	0.0000	0.0000	0.0000	0.0000	0.0000	0.0000	0.0000	0.0000	0.0000	0.0000	/	A	0	
	27.5428	27.2294	32.8615	41.8195	21.0972	0.9861	37.1627	17.5069	16.4303	4.8027	25.7096	27.6283	28.3599	0.0000	2.3146	58.0823	9.5944	28.3599	36.0624	31.4136	35.7756	40.5817	28.3599	/	B	151583	
	50.8066	13.0117	25.3915	44.2058	33.7503	18.2985	13.7784	32.2192	25.1564	66.9804	2.1237	49.3896	22.7539	0.0000	69.4619	12.9104	0.0445	22.7539	27.3872	29.2491	5.3978	18.7131	22.7539	/	C	121619	
	21.6506	59.7589	41.7470	13.9748	45.1526	80.7155	49.0589	50.2739	58.4134	28.2169	72.1667	22.9821	48.8862	100.0000	28.2235	29.0073	90.3612	48.8862	36.5504	39.3373	58.8266	40.7053	48.8862	/	D	261295	
C	7.4661	10.2093	0.1719	2.2045	3.0161	13.0938	1.6464	4.2225	31.1525	0.0354	11.6493	0.7735	0.0000	0.0000	0.0824	0.0433	0.2313	0.0000	9.6200	1.0785	3.1916	0.1117	100.0000	/	71	151061	
	0.0000	0.0000	0.0000	0.0000	0.0000	0.0000	0.0000	0.0000	0.0000	0.0000	0.0000	0.0000	0.0000	0.0000	0.0000	0.0000	0.0000	0.0000	0.0000	0.0000	0.0000	0.0000	0.0000	/	A	0	
	42.5916	42.0860	93.1121	54.9838	46.2167	49.7156	37.1557	36.4084	42.2963	25.2714	53.3660	57.7137	44.7359	44.7359	0.0000	53.2325	6.8321	44.7359	42.3007	50.7249	38.1941	100.0000	44.7359	/	B	67578	
	0.7679	21.3227	6.8879	0.0264	0.0029	0.5052	6.9091	8.5319	41.0340	0.0000	1.7241	10.8754	16.2727	16.2727	0.0000	0.0000	85.6889	16.2727	0.1528	0.0000	6.4175	0.0000	16.2727	/	C	24582	
	56.6405	36.5913	0.0000	44.9898	53.7804	49.7791	55.9352	55.0596	16.6697	74.7286	44.9100	31.4109	38.9914	38.9914	100.0000	46.7675	7.4790	38.9914	57.5466	49.2751	55.3885	0.0000	38.9914	/	D	58901	
C	16.2793	0.6582	16.6644	6.0660	1.3358	3.3027	2.6506	1.1195	33.8518	0.0243	1.8406	3.3398	0.0000	1.3513	1.6716	0.0000	0.0216	0.0000	4.6179	0.4434	4.6949	0.0665	100.0000	/	72	344809	
	0.0000	0.0000	0.0000	0.0000	0.0000	0.0000	0.0000	0.0000	0.0089	0.0000	0.0000	0.0000	0.0030	0.0000	0.0000	0.0030	0.0000	0.0030	0.0000	0.0000	0.0000	0.0000	0.0030	/	A	10	
	24.2394	52.5919	9.4271	32.1703	22.9534	75.7502	10.4539	13.8656	1.7047	49.5828	89.2630	8.4198	16.7112	0.0000	0.0866	16.7112	16.7047	16.7112	20.7513	40.8743	41.8922	47.1091	16.7112	/	B	57622	
	2.9148	4.4056	6.7179	1.9684	6.8633	0.1177	9.2303	6.8641	0.6178	0.0000	1.0272	1.7634	3.2775	5.7245	22.1473	3.2775	0.0000	3.2775	2.9669	0.0000	5.2103	2.8494	3.2775	/	C	11301	
	72.8458	43.0026	83.8550	65.8613	70.1833	24.1321	80.3158	79.2703	97.6686	50.4172	9.7098	89.8169	80.0082	94.2755	77.7661	80.0082	83.2953	80.0082	76.2819	59.1257	52.8974	50.0415	80.0082	/	D	275875	
C	6.5445	6.6870	26.1691	0.4288	8.4813	0.1598	4.7427	4.1485	20.7262	1.5185	0.9695	0.5196	0.0000	1.8423	1.6534	0.3735	0.1774	0.0000	9.8289	2.1039	2.3362	0.5891	100.0000	/	73	167997	
	0.0000	0.0000	0.0000	0.0000	0.0000	0.0000	0.0000	0.0000	0.0000	0.0000	0.0000	0.0000	0.0000	0.0000	0.0000	0.0000	0.0000	0.0000	0.0000	0.0000	0.0000	0.0000	0.0000	/	A	0	
	7.2878	21.9541	6.8088	53.1601	17.6036	0.0000	10.8144	7.0936	6.8861	10.4665	41.0148	11.2609	10.7460	0.0000	0.0000	6.0097	0.0000	10.7460	16.4892	13.7602	22.0893	0.0000	10.7460	/	B	18053	
	67.7614	78.0459	76.5313	30.8722	72.7432	100.0000	80.7380	87.5565	83.6732	88.1624	58.9852	25.6336	76.1604	17.0787	89.2199	83.9950	100.0000	76.1604	71.1451	83.4923	66.3781	100.0000	76.1604	/	C	127947	
	24.9508	0.0000	16.6599	15.9677	9.6533	0.0000	8.4476	5.3499	9.4407	1.3712	0.0000	63.1055	13.0937	82.9213	10.7801	9.9954	0.0000	13.0937	12.3657	2.7475	11.5326	0.0000	13.0937	/	D	21997	
C	3.3890	5.7755	26.9807	0.8240	2.8451	0.6879	7.3320	7.9553	20.7045	3.6767	0.7382	0.2606	0.0026	0.0000	1.1305	0.3674	0.1097	0.0000	12.3197	0.7805	2.7518	1.3682	100.0000	/	90	783248	
	0.0000	0.0000	0.0000	0.0000	0.0000	0.0000	0.0000	0.0000	0.0000	0.0000	0.0000	0.0000	0.0000	0.0000	0.0000	0.0000	0.0000	0.0000	0.0000	0.0000	0.0000	0.0000	0.0000	/	A	0	
	0.6178	25.9644	17.5965	10.4504	13.5256	6.2125	38.7260	29.7338	8.5717	36.5435	12.7024	40.8950	32.4416	19.2531	9.4669	0.0751	83.8444	19.2531	19.5434	41.6500	24.5823	24.7341	19.2531	/	B	150799	
	79.5477	71.3964	64.3326	87.0692	86.4670	76.5818	41.4299	55.4011	84.9779	60.5321	87.2976	47.8670	67.5584	69.7792	71.1634	89.8505	16.1556	69.7792	78.1027	58.3474	58.2440	75.2659	69.7792	/	C	546544	
	19.8344	2.6392	18.0709	2.4803	0.0074	17.2057	19.8441	14.8651	6.4504	2.9245	0.0000	11.2379	0.0000	10.9677	19.3697	10.0744	0.0000	10.9677	2.3539	0.0026	17.1737	0.0000	10.9677	/	D	85904	
