C************************************************************************************
C       08N_PR1.dat
C************************************************************************************
          10  /Number of Sub Units
C------------------------------------------------------------------------------------
C            Operational Parameters by Land Use Type                                 
C        1           2           3           4           5           6           7           8           9          10          11          12          13          14          15
C------------------------------------------------------------------------------------
       376.0       539.0       229.0      1600.0       400.0      1700.0      1500.0       500.0       304.0       304.0
       24.00       12.00       12.00       12.00       12.00       12.00       12.00       12.00       12.00       12.00
        3.00        3.00        3.00        3.00        3.00        3.00        3.00        3.00        3.00        3.00
        0.00        0.00        0.00        0.00        0.00        0.00        0.00        0.00        6.00        6.00
       0.000       0.000       0.000       0.000       0.000       0.000       0.000       0.000       0.800       0.800
       0.050       0.050       0.050       0.050       0.050       0.050       0.050       0.050       0.050       0.050
       0.010       0.010       0.008       0.008       0.008       0.008       0.006       0.006       0.006       0.006
           1           2           3           3           3           3           3           6           4           4
C------------------------------------------------------------------------------------
C            MONTHLY CALENDAR OF FLOOD-UP, DRAWDOWN, AND IRRIGATION                  
C            Flood-up = 1, Maintain = 2, Drawdown = 3, Irrigate = 4, Cropped = 5     
C          O           N           D           J           F           M           A           M           J           J           A           S
C------------------------------------------------------------------------------------
C------------------------------------------------------------------------------------
C    Sub Unit:     1 Habitat Type:   Permanent Wetlands                  1
C------------------------------------------------------------------------------------
           2           2           2           2           2           2           2           2           2           2           2           2  /F_D_M_I_C
       0.800       0.800       0.800       0.800       0.800       0.800       0.800       0.800       0.800       0.800       0.800       0.800  /Habitat Coefficient
           0           0           0           1           0           0           0           0           0           0           0           0  /Closed=1/Open=0
C------------------------------------------------------------------------------------
C    Sub Unit:     2 Habitat Type:   Semi-Permanent Wetlands             2
C------------------------------------------------------------------------------------
           2           2           2           2           2           2           2           2           2           3           0           1  /F_D_M_I_C
       0.880       0.880       0.880       0.880       0.880       0.880       0.880       0.880       0.880       0.880       0.440       0.880  /Habitat Coefficient
           0           0           0           1           1           0           0           0           0           0           0           0  /Closed=1/Open=0
C------------------------------------------------------------------------------------
C    Sub Unit:     3 Habitat Type:   Seasonal Wetlands                   3
C------------------------------------------------------------------------------------
           2           2           2           2           2           2           3           0           0           0           0           1  /F_D_M_I_C
       0.880       0.880       0.880       0.880       0.880       0.880       0.880       0.440       0.000       0.000       0.000       0.440  /Habitat Coefficient
           0           0           0           1           1           1           0           0           0           0           0           0  /Closed=1/Open=0
C------------------------------------------------------------------------------------
C    Sub Unit:     4 Habitat Type:   Seasonal Wetlands                   3
C------------------------------------------------------------------------------------
           1           2           2           2           2           3           0           0           0           0           0           0  /F_D_M_I_C
       0.440       0.880       0.880       0.880       0.880       0.880       0.440       0.000       0.000       0.000       0.000       0.000  /Habitat Coefficient
           0           0           0           1           1           1           0           0           0           0           0           0  /Closed=1/Open=0
C------------------------------------------------------------------------------------
C    Sub Unit:     5 Habitat Type:   Seasonal Wetlands                   3
C------------------------------------------------------------------------------------
           2           2           2           2           3           0           0           0           0           0           0           1  /F_D_M_I_C
       0.880       0.880       0.880       0.880       0.880       0.440       0.000       0.000       0.000       0.000       0.000       0.440  /Habitat Coefficient
           0           0           0           1           1           1           0           0           0           0           0           0  /Closed=1/Open=0
C------------------------------------------------------------------------------------
C    Sub Unit:     6 Habitat Type:   Seasonal Wetlands                   3
C------------------------------------------------------------------------------------
           2           2           2           2           2           3           0           0           0           0           0           1  /F_D_M_I_C
       0.880       0.880       0.880       0.880       0.880       0.880       0.440       0.000       0.000       0.000       0.000       0.880  /Habitat Coefficient
           0           0           0           1           1           1           0           0           0           0           0           0  /Closed=1/Open=0
C------------------------------------------------------------------------------------
C    Sub Unit:     7 Habitat Type:   Seasonal Wetlands                   3
C------------------------------------------------------------------------------------
           2           2           2           2           2           2           3           0           0           0           1           2  /F_D_M_I_C
       0.880       0.880       0.880       0.880       0.880       0.880       0.880       0.440       0.000       0.000       0.440       0.880  /Habitat Coefficient
           0           0           0           1           1           1           0           0           0           0           0           0  /Closed=1/Open=0
C------------------------------------------------------------------------------------
C    Sub Unit:     8 Habitat Type:   Seasonal Wetlands - Swamp Timothy   6
C------------------------------------------------------------------------------------
           2           2           2           2           2           2           2           3           0           1           2           2  /F_D_M_I_C
       0.880       0.880       0.880       0.880       0.880       0.880       0.880       0.880       0.440       0.440       0.880       0.880  /Habitat Coefficient
           0           0           0           1           1           1           0           0           0           0           0           0  /Closed=1/Open=0
C------------------------------------------------------------------------------------
C    Sub Unit:     9 Habitat Type:   Seasonal Wetlands - Watergrass      4
C------------------------------------------------------------------------------------
           2           2           2           2           2           2           3           0           4           0           0           1  /F_D_M_I_C
       0.880       0.880       0.880       0.880       0.880       0.880       0.440       0.000       0.960       0.480       0.000       0.880  /Habitat Coefficient
           0           0           0           1           1           1           0           0           0           0           0           0  /Closed=1/Open=0
C------------------------------------------------------------------------------------
C    Sub Unit:    10 Habitat Type:   Seasonal Wetlands - Watergrass      4
C------------------------------------------------------------------------------------
           2           2           2           2           2           2           3           0           4           0           1           2  /F_D_M_I_C
       0.880       0.880       0.880       0.880       0.880       0.880       0.440       0.000       0.960       0.480       0.440       0.880  /Habitat Coefficient
           0           0           0           1           1           1           0           0           0           0           0           0  /Closed=1/Open=0
