C************************************************************************************
C       09_PR.dat
C************************************************************************************
          12  /Number of Sub Units
C------------------------------------------------------------------------------------
C            Operational Parameters by Land Use Type                                 
C        1           2           3           4           5           6           7           8           9          10          11          12          13          14          15
C------------------------------------------------------------------------------------
       175.0       282.0       255.0        68.0         0.0        51.0        17.0       241.0       281.0       181.0       225.0         3.0
       12.00       12.00       12.00       12.00        6.00       24.00       24.00       12.00       12.00       12.00       12.00       12.00
        3.00        3.00        3.00        3.00        3.00        3.00        3.00        3.00        3.00        3.00        3.00        3.00
        6.00        6.00        6.00        0.00        0.00        0.00        0.00        0.00        0.00        6.00        6.00        0.00
       1.000       1.000       1.000       0.000       0.000       0.000       0.000       0.000       0.000       0.800       0.800       0.000
       0.050       0.050       0.050       0.050       0.050       0.050       0.050       0.050       0.050       0.050       0.050       0.050
       0.005       0.005       0.005       0.005       0.005       0.010       0.010       0.005       0.005       0.005       0.005       0.010
           6           4           7           5           3           1           1           3           3           4           4           5
C------------------------------------------------------------------------------------
C            MONTHLY CALENDAR OF FLOOD-UP, DRAWDOWN, AND IRRIGATION                  
C            Flood-up = 1, Maintain = 2, Drawdown = 3, Irrigate = 4, Cropped = 5     
C          O           N           D           J           F           M           A           M           J           J           A           S
C------------------------------------------------------------------------------------
C------------------------------------------------------------------------------------
C    Sub Unit:     1 Habitat Type:   Seasonal Wetlands - Swamp Timothy   6
C------------------------------------------------------------------------------------
           1           2           2           2           2           2           3           4           0           0           0           0  /F_D_M_I_C
       0.880       0.880       0.880       0.880       0.880       0.880       0.880       0.780       0.780       0.000       0.000       0.000  /Habitat Coefficient
           0           0           0           0           0           0           0           0           0           0           0           0  /Closed=1/Open=0
C------------------------------------------------------------------------------------
C    Sub Unit:     2 Habitat Type:   Seasonal Wetlands - Watergrass      4
C------------------------------------------------------------------------------------
           1           2           2           2           2           2           3           0           4           4           4           0  /F_D_M_I_C
       0.880       0.880       0.880       0.880       0.880       0.880       0.880       0.880       0.000       0.960       0.960       0.480  /Habitat Coefficient
           0           0           0           0           0           0           0           0           0           0           0           0  /Closed=1/Open=0
C------------------------------------------------------------------------------------
C    Sub Unit:     3 Habitat Type:   Seasonal Wetlands - Smart Weed      7
C------------------------------------------------------------------------------------
           1           2           2           2           2           3           0           4           4           0           0           0  /F_D_M_I_C
       0.880       0.880       0.880       0.880       0.880       0.880       0.880       0.960       0.960       0.480       0.000       0.000  /Habitat Coefficient
           0           0           0           0           0           0           0           0           0           0           0           0  /Closed=1/Open=0
C------------------------------------------------------------------------------------
C    Sub Unit:     4 Habitat Type:   Seasonal Wetlands - Summer Water    5
C------------------------------------------------------------------------------------
           1           2           2           2           2           2           2           2           2           3           0           0  /F_D_M_I_C
       0.880       0.880       0.880       0.880       0.880       0.880       0.880       0.880       0.880       0.880       0.440       0.000  /Habitat Coefficient
           0           0           0           0           0           0           0           0           0           0           0           0  /Closed=1/Open=0
C------------------------------------------------------------------------------------
C    Sub Unit:     5 Habitat Type:   Seasonal Wetlands                   3
C------------------------------------------------------------------------------------
           1           2           2           2           3           0           0           0           0           0           0           0  /F_D_M_I_C
       0.880       0.880       0.880       0.880       0.880       0.880       0.000       0.000       0.000       0.000       0.000       0.000  /Habitat Coefficient
           0           0           0           0           0           0           0           0           0           0           0           0  /Closed=1/Open=0
C------------------------------------------------------------------------------------
C    Sub Unit:     6 Habitat Type:   Permanent Wetlands                  1
C------------------------------------------------------------------------------------
           2           2           2           2           2           2           2           2           2           2           2           2  /F_D_M_I_C
       0.800       0.800       0.800       0.800       0.800       0.800       0.800       0.800       0.800       0.800       0.800       0.800  /Habitat Coefficient
           0           0           0           0           0           0           0           0           0           0           0           0  /Closed=1/Open=0
C------------------------------------------------------------------------------------
C    Sub Unit:     7 Habitat Type:   Permanent Wetlands                  1
C------------------------------------------------------------------------------------
           0           0           0           0           0           0           0           0           1           2           2           2  /F_D_M_I_C
       0.000       0.000       0.000       0.000       0.000       0.000       0.000       0.000       0.800       0.800       0.800       0.800  /Habitat Coefficient
           0           0           0           0           0           0           0           0           0           0           0           0  /Closed=1/Open=0
C------------------------------------------------------------------------------------
C    Sub Unit:     8 Habitat Type:   Seasonal Wetlands                   3
C------------------------------------------------------------------------------------
           2           2           2           2           2           3           0           0           0           0           0           0  /F_D_M_I_C
       0.880       0.880       0.880       0.880       0.880       0.880       0.440       0.000       0.000       0.000       0.000       0.000  /Habitat Coefficient
           0           0           0           0           0           0           0           0           0           0           0           0  /Closed=1/Open=0
C------------------------------------------------------------------------------------
C    Sub Unit:     9 Habitat Type:   Seasonal Wetlands                   3
C------------------------------------------------------------------------------------
           2           2           2           2           2           3           0           0           0           0           0           1  /F_D_M_I_C
       0.880       0.880       0.880       0.880       0.880       0.880       0.440       0.000       0.000       0.000       0.000       0.880  /Habitat Coefficient
           0           0           0           0           0           0           0           0           0           0           0           0  /Closed=1/Open=0
C------------------------------------------------------------------------------------
C    Sub Unit:    10 Habitat Type:   Seasonal Wetlands - Watergrass      4
C------------------------------------------------------------------------------------
           2           2           2           2           2           3           0           0           0           4           0           1  /F_D_M_I_C
       0.880       0.880       0.880       0.880       0.880       0.880       0.880       0.440       0.000       0.960       0.480       0.880  /Habitat Coefficient
           0           0           0           0           0           0           0           0           0           0           0           0  /Closed=1/Open=0
C------------------------------------------------------------------------------------
C    Sub Unit:    11 Habitat Type:   Seasonal Wetlands - Watergrass      4
C------------------------------------------------------------------------------------
           0           0           0           0           0           0           0           0           4           0           1           2  /F_D_M_I_C
       0.880       0.880       0.880       0.880       0.880       0.880       0.440       0.000       0.960       0.480       0.880       0.880  /Habitat Coefficient
           0           0           0           0           0           0           0           0           0           0           0           0  /Closed=1/Open=0
C------------------------------------------------------------------------------------
C    Sub Unit:    12 Habitat Type:   Seasonal Wetlands - Summer Water    5
C------------------------------------------------------------------------------------
           0           0           0           0           0           0           0           0           0           1           2           2  /F_D_M_I_C
       0.000       0.000       0.000       0.000       0.000       0.000       0.000       0.000       0.000       0.880       0.880       0.880  /Habitat Coefficient
           0           0           0           0           0           0           0           0           0           0           0           0  /Closed=1/Open=0
