C************************************************************************************
C       17N_PR.dat
C************************************************************************************
          12  /Number of Sub Units
C------------------------------------------------------------------------------------
C            Operational Parameters by Land Use Type                                 
C        1           2           3           4           5           6           7           8           9          10          11          12          13          14          15
C------------------------------------------------------------------------------------
       347.0       233.0       600.0       823.0       500.0       300.0       500.0       500.0       500.0       700.0       300.0        45.0
       24.00       36.00       12.00       12.00       12.00       12.00       12.00       12.00       12.00       12.00       12.00        0.00
        3.00        3.00        3.00        3.00        3.00        3.00        3.00        3.00        3.00        3.00        3.00        0.00
        0.00        0.00        0.00        0.00        0.00        0.00        6.00        6.00        6.00        0.00        0.00        5.00
       0.000       0.000       0.000       0.000       0.000       0.000       0.800       1.000       1.000       0.000       0.000       0.700
       0.050       0.050       0.050       0.050       0.050       0.050       0.050       0.050       0.050       0.050       0.050       0.000
       0.010       0.010       0.005       0.005       0.005       0.005       0.005       0.005       0.005       0.005       0.005       0.000
           1           1           3           3           3           3           4           6           7           5           5           9
C------------------------------------------------------------------------------------
C            MONTHLY CALENDAR OF FLOOD-UP, DRAWDOWN, AND IRRIGATION                  
C            Flood-up = 1, Maintain = 2, Drawdown = 3, Irrigate = 4, Cropped = 5     
C          O           N           D           J           F           M           A           M           J           J           A           S
C------------------------------------------------------------------------------------
C------------------------------------------------------------------------------------
C    Sub Unit:     1 Habitat Type:   Permanent Wetlands                  1
C------------------------------------------------------------------------------------
           2           2           2           2           2           2           2           2           2           2           2           2  /F_D_M_I_C
       0.800       0.800       0.800       0.800       0.800       0.800       0.800       0.800       0.800       0.800       0.800       0.800  /Habitat Coefficient
           0           0           0           0           1           1           0           0           0           0           0           0  /Closed=1/Open=0
C------------------------------------------------------------------------------------
C    Sub Unit:     2 Habitat Type:   Permanent Wetlands                  1
C------------------------------------------------------------------------------------
           2           2           2           2           2           2           2           2           2           2           2           2  /F_D_M_I_C
       0.750       0.750       0.750       0.750       0.750       0.750       0.750       0.750       0.750       0.750       0.750       0.750  /Habitat Coefficient
           0           0           0           0           1           1           0           0           0           0           0           0  /Closed=1/Open=0
C------------------------------------------------------------------------------------
C    Sub Unit:     3 Habitat Type:   Seasonal Wetlands                   3
C------------------------------------------------------------------------------------
           2           2           2           2           2           3           0           0           0           0           1           2  /F_D_M_I_C
       0.880       0.880       0.880       0.880       0.880       0.880       0.880       0.440       0.000       0.000       0.880       0.880  /Habitat Coefficient
           0           0           0           0           1           1           0           0           0           0           0           0  /Closed=1/Open=0
C------------------------------------------------------------------------------------
C    Sub Unit:     4 Habitat Type:   Seasonal Wetlands                   3
C------------------------------------------------------------------------------------
           2           2           2           2           2           3           0           0           0           0           0           1  /F_D_M_I_C
       0.880       0.880       0.880       0.880       0.880       0.880       0.440       0.000       0.000       0.000       0.000       0.880  /Habitat Coefficient
           0           0           0           0           1           1           0           0           0           0           0           0  /Closed=1/Open=0
C------------------------------------------------------------------------------------
C    Sub Unit:     5 Habitat Type:   Seasonal Wetlands                   3
C------------------------------------------------------------------------------------
           1           2           2           2           2           2           3           0           0           0           0           0  /F_D_M_I_C
       0.880       0.880       0.880       0.880       0.880       0.880       0.880       0.440       0.000       0.000       0.000       0.000  /Habitat Coefficient
           0           0           0           0           1           0           0           0           0           0           0           0  /Closed=1/Open=0
C------------------------------------------------------------------------------------
C    Sub Unit:     6 Habitat Type:   Seasonal Wetlands                   3
C------------------------------------------------------------------------------------
           0           1           2           2           2           2           2           3           0           0           0           0  /F_D_M_I_C
       0.000       0.880       0.880       0.880       0.880       0.880       0.880       0.880       0.440       0.000       0.000       0.000  /Habitat Coefficient
           0           0           0           0           1           1           0           0           0           0           0           0  /Closed=1/Open=0
C------------------------------------------------------------------------------------
C    Sub Unit:     7 Habitat Type:   Seasonal Wetlands - Watergrass      4
C------------------------------------------------------------------------------------
           2           2           2           2           2           2           3           0           0           4           0           1  /F_D_M_I_C
       0.880       0.880       0.880       0.880       0.880       0.880       0.880       0.440       0.000       0.960       0.480       0.880  /Habitat Coefficient
           0           0           0           0           1           1           0           0           0           0           0           0  /Closed=1/Open=0
C------------------------------------------------------------------------------------
C    Sub Unit:     8 Habitat Type:   Seasonal Wetlands - Swamp Timothy   6
C------------------------------------------------------------------------------------
           2           2           2           2           2           2           3           4           0           0           0           1  /F_D_M_I_C
       0.880       0.880       0.880       0.880       0.880       0.880       0.880       0.780       0.780       0.000       0.000       0.880  /Habitat Coefficient
           0           0           0           0           1           1           0           0           0           0           0           0  /Closed=1/Open=0
C------------------------------------------------------------------------------------
C    Sub Unit:     9 Habitat Type:   Seasonal Wetlands - Smart Weed      7
C------------------------------------------------------------------------------------
           2           2           2           2           2           3           0           4           4           0           0           1  /F_D_M_I_C
       0.880       0.880       0.880       0.880       0.880       0.880       0.880       0.960       0.960       0.480       0.000       0.880  /Habitat Coefficient
           0           0           0           0           1           1           0           0           0           0           0           0  /Closed=1/Open=0
C------------------------------------------------------------------------------------
C    Sub Unit:    10 Habitat Type:   Seasonal Wetlands - Summer Water    5
C------------------------------------------------------------------------------------
           1           2           2           2           2           2           2           2           2           3           0           0  /F_D_M_I_C
       0.880       0.880       0.880       0.880       0.880       0.880       0.880       0.880       0.880       0.880       0.440       0.000  /Habitat Coefficient
           0           0           0           0           1           1           0           0           0           0           0           0  /Closed=1/Open=0
C------------------------------------------------------------------------------------
C    Sub Unit:    11 Habitat Type:   Seasonal Wetlands - Summer Water    5
C------------------------------------------------------------------------------------
           2           2           2           2           2           2           3           0           0           1           2           2  /F_D_M_I_C
       0.880       0.880       0.880       0.880       0.880       0.880       0.880       0.440       0.000       0.880       0.880       0.880  /Habitat Coefficient
           0           0           0           0           1           1           0           0           0           0           0           0  /Closed=1/Open=0
C------------------------------------------------------------------------------------
C    Sub Unit:    12 Habitat Type:   Irrigated - Pasture                 9
C------------------------------------------------------------------------------------
           4           4           4           4           4           4           4           4           4           4           4           4  /F_D_M_I_C
       0.840       0.780       0.540       0.220       0.380       0.550       0.700       0.830       0.930       0.960       0.960       0.920  /Habitat Coefficient
           0           0           0           0           0           0           0           0           0           0           0           0  /Closed=1/Open=0
