C************************************************************************************
C       72_PR4.dat
C************************************************************************************
          11  /Number of Sub Units
C------------------------------------------------------------------------------------
C            Operational Parameters by Land Use Type                                 
C        1           2           3           4           5           6           7           8           9          10          11          12          13          14          15
C------------------------------------------------------------------------------------
       140.0      1020.0       834.0      2317.0       626.0       371.0      2174.0       205.0       571.0       247.0        53.0
        0.00       12.00       12.00        0.00       24.00       24.00        9.00       18.00        0.00        0.00       24.00
        0.00        3.00        3.00        0.00        3.00        3.00        3.00        3.00        0.00        0.00        3.00
        9.00        6.00        0.00        6.00        0.00        0.00        6.00        0.00       12.00        0.00        0.00
       0.800       0.800       0.000       1.000       0.000       0.000       1.000       0.000       1.000       0.800       0.000
       0.050       0.050       0.050       0.000       0.050       0.050       0.050       0.050       0.000       0.000       0.050
       0.005       0.005       0.005       0.000       0.005       0.010       0.005       0.005       0.000       0.000       0.010
          10           6           4          14           2           1           3           2          10          10           1
C------------------------------------------------------------------------------------
C            MONTHLY CALENDAR OF FLOOD-UP, DRAWDOWN, AND IRRIGATION                  
C            Flood-up = 1, Maintain = 2, Drawdown = 3, Irrigate = 4, Cropped = 5     
C          O           N           D           J           F           M           A           M           J           J           A           S
C------------------------------------------------------------------------------------
C------------------------------------------------------------------------------------
C    Sub Unit:     1 Habitat Type:   Irrigated - Uplands                10
C------------------------------------------------------------------------------------
           0           4           0           0           0           5           5           5           5           5           5           5  /F_D_M_I_C
       0.000       0.250       0.000       0.000       0.000       0.170       0.390       0.520       0.690       0.780       0.760       0.510  /Habitat Coefficient
           0           0           0           0           0           0           0           0           0           0           0           0  /Closed=1/Open=0
C------------------------------------------------------------------------------------
C    Sub Unit:     2 Habitat Type:   Seasonal Wetlands - Swamp Timothy   6
C------------------------------------------------------------------------------------
           2           2           2           2           3           0           4           4           4           0           0           1  /F_D_M_I_C
       0.880       0.880       0.880       0.880       0.880       0.440       0.880       0.880       0.880       0.440       0.000       0.880  /Habitat Coefficient
           0           0           0           0           0           0           0           0           0           0           0           0  /Closed=1/Open=0
C------------------------------------------------------------------------------------
C    Sub Unit:     3 Habitat Type:   Seasonal Wetlands - Watergrass      4
C------------------------------------------------------------------------------------
           2           2           2           2           3           0           0           1           2           2           2           2  /F_D_M_I_C
       0.880       0.880       0.880       0.880       0.880       0.440       0.000       0.880       0.880       0.880       0.880       0.880  /Habitat Coefficient
           0           0           0           0           0           0           0           0           0           0           0           0  /Closed=1/Open=0
C------------------------------------------------------------------------------------
C    Sub Unit:     4 Habitat Type:   Non-irrigated                      14
C------------------------------------------------------------------------------------
           0           0           0           0           0           0           0           4           4           0           0           0  /F_D_M_I_C
       0.000       0.000       0.000       0.000       0.000       0.000       0.000       0.000       0.000       0.000       0.000       0.000  /Habitat Coefficient
           0           0           0           0           0           0           0           0           0           0           0           0  /Closed=1/Open=0
C------------------------------------------------------------------------------------
C    Sub Unit:     5 Habitat Type:   Semi-Permanent Wetlands             2
C------------------------------------------------------------------------------------
           2           2           3           0           0           1           2           2           2           2           2           2  /F_D_M_I_C
       0.880       0.880       0.880       0.440       0.000       0.880       0.880       0.880       0.880       0.880       0.880       0.880  /Habitat Coefficient
           0           0           0           0           0           0           0           0           0           0           0           0  /Closed=1/Open=0
C------------------------------------------------------------------------------------
C    Sub Unit:     6 Habitat Type:   Permanent Wetlands                  1
C------------------------------------------------------------------------------------
           2           3           0           0           1           2           2           2           2           2           2           2  /F_D_M_I_C
       0.800       0.800       0.400       0.000       0.800       0.800       0.800       0.800       0.800       0.800       0.800       0.800  /Habitat Coefficient
           0           0           0           0           0           0           0           0           0           0           0           0  /Closed=1/Open=0
C------------------------------------------------------------------------------------
C    Sub Unit:     7 Habitat Type:   Seasonal Wetlands                   3
C------------------------------------------------------------------------------------
           2           2           3           0           0           0           0           4           0           0           1           2  /F_D_M_I_C
       0.880       0.880       0.880       0.440       0.000       0.000       0.000       0.880       0.000       0.000       0.880       0.880  /Habitat Coefficient
           0           0           0           0           0           0           0           0           0           0           0           0  /Closed=1/Open=0
C------------------------------------------------------------------------------------
C    Sub Unit:     8 Habitat Type:   Semi-Permanent Wetlands             2
C------------------------------------------------------------------------------------
           0           0           0           0           1           2           2           2           2           3           0           0  /F_D_M_I_C
       0.000       0.000       0.000       0.000       0.880       0.880       0.880       0.880       0.880       0.880       0.440       0.000  /Habitat Coefficient
           0           0           0           0           0           0           0           0           0           0           0           0  /Closed=1/Open=0
C------------------------------------------------------------------------------------
C    Sub Unit:     9 Habitat Type:   Irrigated - Uplands                10
C------------------------------------------------------------------------------------
           0           0           0           4           4           4           0           0           4           0           0           0  /F_D_M_I_C
       0.000       0.000       0.000       0.880       0.880       0.880       0.440       0.000       0.880       0.440       0.000       0.000  /Habitat Coefficient
           0           0           0           0           0           0           0           0           0           0           0           0  /Closed=1/Open=0
C------------------------------------------------------------------------------------
C    Sub Unit:    10 Habitat Type:   Irrigated - Uplands                10
C------------------------------------------------------------------------------------
           0           0           0           0           0           5           5           5           5           5           0           0  /F_D_M_I_C
       0.000       0.000       0.000       0.000       0.000       0.170       0.390       0.860       0.930       0.650       0.000       0.000  /Habitat Coefficient
           0           0           0           0           0           0           0           0           0           0           0           0  /Closed=1/Open=0
C------------------------------------------------------------------------------------
C    Sub Unit:    11 Habitat Type:   Permanent Wetlands                  1
C------------------------------------------------------------------------------------
           2           3           0           0           0           1           2           2           2           2           2           2  /F_D_M_I_C
       0.800       0.800       0.400       0.000       0.000       0.800       0.800       0.800       0.800       0.800       0.800       0.800  /Habitat Coefficient
           0           0           0           0           0           0           0           0           0           0           0           0  /Closed=1/Open=0
