C************************************************************************************
C       91_PR1.dat
C************************************************************************************
          11  /Number of Sub Units
C------------------------------------------------------------------------------------
C            Operational Parameters by Land Use Type                                 
C        1           2           3           4           5           6           7           8           9          10          11          12          13          14          15
C------------------------------------------------------------------------------------
      4441.0      1419.0      1231.0      1160.0       157.0       250.0      1125.0       653.0       456.0       276.0       576.0
       12.00       12.00       12.00       12.00       12.00       12.00        0.00        0.00        0.00        0.00        0.00
        3.00        3.00        3.00        3.00        3.00        3.00        0.00        0.00        0.00        0.00        0.00
        6.00        0.00        0.00        0.00        0.00        0.00        6.00       15.00        6.00        0.00        0.00
       1.000       0.000       0.000       0.000       0.000       0.000       1.000       1.000       1.000       0.000       0.000
       0.050       0.050       0.050       0.050       0.050       0.050       0.000       0.000       0.000       0.000       0.000
       0.005       0.005       0.005       0.010       0.005       0.005       0.000       0.000       0.000       0.000       0.000
           6           4           4           1           5           2          11          10          12          14           3
C------------------------------------------------------------------------------------
C            MONTHLY CALENDAR OF FLOOD-UP, DRAWDOWN, AND IRRIGATION                  
C            Flood-up = 1, Maintain = 2, Drawdown = 3, Irrigate = 4, Cropped = 5     
C          O           N           D           J           F           M           A           M           J           J           A           S
C------------------------------------------------------------------------------------
C------------------------------------------------------------------------------------
C    Sub Unit:     1 Habitat Type:   Seasonal Wetlands - Swamp Timothy   6
C------------------------------------------------------------------------------------
           2           2           3           0           0           0           4           4           0           0           1           2  /F_D_M_I_C
       0.880       0.880       0.880       0.440       0.000       0.000       0.880       0.880       0.000       0.000       0.880       0.880  /Habitat Coefficient
           0           0           0           0           0           0           0           0           0           0           0           0  /Closed=1/Open=0
C------------------------------------------------------------------------------------
C    Sub Unit:     2 Habitat Type:   Seasonal Wetlands - Watergrass      4
C------------------------------------------------------------------------------------
           2           2           2           2           3           0           0           1           2           2           2           2  /F_D_M_I_C
       0.880       0.880       0.880       0.880       0.880       0.440       0.000       0.880       0.880       0.880       0.880       0.880  /Habitat Coefficient
           0           0           0           0           0           0           0           0           0           0           0           0  /Closed=1/Open=0
C------------------------------------------------------------------------------------
C    Sub Unit:     3 Habitat Type:   Seasonal Wetlands - Watergrass      4
C------------------------------------------------------------------------------------
           2           2           2           3           0           0           1           2           2           2           2           2  /F_D_M_I_C
       0.880       0.880       0.880       0.880       0.440       0.000       0.880       0.880       0.880       0.880       0.880       0.880  /Habitat Coefficient
           0           0           0           0           0           0           0           0           0           0           0           0  /Closed=1/Open=0
C------------------------------------------------------------------------------------
C    Sub Unit:     4 Habitat Type:   Permanent Wetlands                  1
C------------------------------------------------------------------------------------
           2           2           2           2           2           2           2           2           2           2           2           2  /F_D_M_I_C
       0.800       0.800       0.800       0.800       0.800       0.800       0.800       0.800       0.800       0.800       0.800       0.800  /Habitat Coefficient
           0           0           0           0           0           0           0           0           0           0           0           0  /Closed=1/Open=0
C------------------------------------------------------------------------------------
C    Sub Unit:     5 Habitat Type:   Seasonal Wetlands - Summer Water    5
C------------------------------------------------------------------------------------
           0           0           0           0           0           1           2           2           2           2           3           0  /F_D_M_I_C
       0.440       0.000       0.000       0.000       0.000       0.880       0.880       0.880       0.880       0.880       0.880       0.880  /Habitat Coefficient
           0           0           0           0           0           0           0           0           0           0           0           0  /Closed=1/Open=0
C------------------------------------------------------------------------------------
C    Sub Unit:     6 Habitat Type:   Semi-Permanent Wetlands             2
C------------------------------------------------------------------------------------
           0           0           0           0           0           1           2           2           2           2           3           0  /F_D_M_I_C
       0.440       0.000       0.000       0.000       0.000       0.880       0.880       0.880       0.880       0.880       0.880       0.880  /Habitat Coefficient
           0           0           0           0           0           0           0           0           0           0           0           0  /Closed=1/Open=0
C------------------------------------------------------------------------------------
C    Sub Unit:     7 Habitat Type:   Irrigated - Other                  11
C------------------------------------------------------------------------------------
           0           0           0           0           4           4           0           0           4           4           4           0  /F_D_M_I_C
       0.000       0.000       0.000       0.000       0.000       0.000       0.000       0.000       0.000       0.000       0.000       0.000  /Habitat Coefficient
           0           0           0           0           0           0           0           0           0           0           0           0  /Closed=1/Open=0
C------------------------------------------------------------------------------------
C    Sub Unit:     8 Habitat Type:   Irrigated - Uplands                10
C------------------------------------------------------------------------------------
           0           0           0           0           0           0           0           4           5           5           5           0  /F_D_M_I_C
       0.000       0.000       0.000       0.000       0.000       0.000       0.000       0.750       0.750       0.750       0.750       0.370  /Habitat Coefficient
           0           0           0           0           0           0           0           0           0           0           0           0  /Closed=1/Open=0
C------------------------------------------------------------------------------------
C    Sub Unit:     9 Habitat Type:   Irrigated - Grains                 12
C------------------------------------------------------------------------------------
           0           4           0           0           0           0           0           0           0           0           0           0  /F_D_M_I_C
       0.000       0.000       0.000       0.000       0.000       0.000       0.000       0.000       0.000       0.000       0.000       0.000  /Habitat Coefficient
           0           0           0           0           0           0           0           0           0           0           0           0  /Closed=1/Open=0
C------------------------------------------------------------------------------------
C    Sub Unit:    10 Habitat Type:   Non-irrigated                      14
C------------------------------------------------------------------------------------
           0           0           0           0           0           0           0           0           0           0           0           0  /F_D_M_I_C
       0.000       0.000       0.000       0.000       0.000       0.000       0.000       0.000       0.000       0.000       0.000       0.000  /Habitat Coefficient
           0           0           0           0           0           0           0           0           0           0           0           0  /Closed=1/Open=0
C------------------------------------------------------------------------------------
C    Sub Unit:    11 Habitat Type:   Seasonal Wetlands                   3
C------------------------------------------------------------------------------------
           0           0           0           0           0           0           0           0           0           0           0           0  /F_D_M_I_C
       0.000       0.000       0.000       0.000       0.000       0.000       0.000       0.000       0.000       0.000       0.000       0.000  /Habitat Coefficient
           0           0           0           0           0           0           0           0           0           0           0           0  /Closed=1/Open=0
